7394685
7158335
10071998
51522523
11468581
5486457
2915333
17564123
21613131
13790454
72499039
71387363
12764947
65689075
4799949
7437112
27109172
28143628
202975
2747205
8356732
9573532
51907688
2872942
1316636
34113371
322821
3294524
5965132
1975330
18376351
23509922
62461667
3416514
9169469
5039565
10343440
13774442
6050820
1700027
53719907
6555079
3867007
62184504
2573231
48453084
23689051
11590104
30586488
41293856
1636096
9126160
10168311
665063
3455319
674861
18004573
2696532
24144887
18800434
11620495
16289044
17064674
21191904
2233357
12746770
29049
8489583
107257243
33133480
20247424
36707369
17420033
9116123
13984392
4631123